1 0 37 60
1 1 36 55
1 2 36 54
1 3 34 50
1 4 36 47
1 5 33 44
1 6 29 46
1 7 34 50
1 8 35 55
1 9 39 50
1 10 38 52
1 11 37 53
1 12 35 56
1 13 31 60
1 14 28 58
1 15 31 56
1 16 32 54
1 17 33 58
1 18 30 63
1 19 29 67
1 20 28 71
1 21 32 69
1 22 30 64
1 23 27 63
1 24 29 58
1 25 25 58
1 26 28 56
1 27 26 61
1 28 27 60
1 29 26 59
1 30 27 54
1 31 27 54
1 32 29 58
1 33 25 54
1 34 21 51
1 35 24 55
1 36 29 58
1 37 32 55
1 38 33 59
1 39 36 57
1 40 41 60
1 41 36 55
1 42 39 51
1 43 35 54
1 44 36 49
1 45 36 47
1 46 35 44
1 47 30 49
1 48 29 52
1 49 24 52
1 50 27 49
1 51 27 51
1 52 32 49
1 53 29 52
1 54 25 51
1 55 24 55
1 56 26 58
1 57 22 58
1 58 18 56
1 59 19 53
1 60 18 55
1 61 18 56
1 62 13 51
1 63 11 46
1 64 11 42
1 65 14 44
1 66 10 44
1 67 6 49
1 68 1 51
1 69 2 49
1 70 0 47
1 71 3 42
1 72 6 38
1 73 7 33
1 74 2 33
1 75 3 35
1 76 7 35
1 77 3 30
1 78 -2 33
1 79 0 34
1 80 3 33
1 81 -2 32
1 82 -5 36
1 83 0 37
1 84 0 39
1 85 1 34
1 86 4 37
1 87 6 34
1 88 7 38
1 89 4 39
1 90 7 40
1 91 11 38
1 92 14 36
1 93 15 31
1 94 19 26
1 95 24 24
1 96 28 19
1 97 27 20
1 98 29 20
1 99 26 21
1 100 23 18
1 101 27 19
1 102 23 24
1 103 25 24
1 104 25 29
1 105 30 29
1 106 32 24
1 107 29 27
1 108 28 30
1 109 27 30
1 110 28 25
1 111 32 21
1 112 32 18
1 113 35 15
1 114 38 17
1 115 35 20
1 116 30 24
1 117 25 20
1 118 26 23
1 119 24 25
1 120 25 20
1 121 25 22
1 122 26 23
1 123 25 25
1 124 28 25
1 125 29 30
1 126 28 34
1 127 31 39
1 128 36 37
1 129 34 35
1 130 36 36
1 131 31 36
1 132 29 32
1 133 29 33
1 134 25 28
1 135 23 31
1 136 24 33
1 137 27 38
1 138 25 33
1 139 20 33
1 140 23 37
1 141 26 38
1 142 24 39
1 143 24 44
1 144 25 41
1 145 29 37
1 146 34 35
1 147 39 38
1 148 35 36
1 149 30 35
1 150 30 35
1 151 26 39
1 152 30 37
1 153 30 37
1 154 35 40
1 155 39 36
1 156 41 33
1 157 36 28
1 158 33 24
1 159 32 19
1 160 36 21
1 161 37 24
1 162 36 21
1 163 32 25
1 164 31 26
1 165 35 26
1 166 32 27
1 167 30 24
1 168 30 21
1 169 28 26
1 170 32 27
1 171 31 24
1 172 26 25
1 173 27 28
1 174 30 33
1 175 26 35
1 176 26 36
1 177 25 38
1 178 29 36
1 179 31 34
1 180 34 39
1 181 35 40
1 182 31 39
1 183 29 34
1 184 30 34
1 185 35 37
1 186 37 39
1 187 36 44
1 188 36 47
1 189 38 48
1 190 43 50
1 191 47 46
1 192 49 43
1 193 47 40
1 194 48 44
1 195 50 45
1 196 48 44
1 197 48 48
1 198 47 50
1 199 49 53
1 200 50 58
