2 0 78 28
2 1 77 25
2 2 82 29
2 3 82 25
2 4 77 25
2 5 76 29
2 6 76 25
2 7 81 22
2 8 85 20
2 9 80 17
2 10 78 16
2 11 76 12
2 12 75 15
2 13 78 19
2 14 82 20
2 15 84 17
2 16 82 22
2 17 87 18
2 18 87 14
2 19 82 13
2 20 80 17
2 21 85 14
2 22 83 13
2 23 83 18
2 24 83 21
2 25 78 25
2 26 78 28
2 27 73 31
2 28 73 28
2 29 78 32
2 30 78 37
2 31 73 39
2 32 72 44
2 33 72 39
2 34 72 37
2 35 74 32
2 36 75 33
2 37 79 28
2 38 84 25
2 39 86 23
2 40 82 20
2 41 82 18
2 42 77 19
2 43 74 22
2 44 77 19
2 45 78 19
2 46 74 18
2 47 74 23
2 48 77 27
2 49 77 23
2 50 79 23
2 51 74 21
2 52 76 25
2 53 77 30
2 54 72 29
2 55 70 33
2 56 75 32
2 57 75 31
2 58 74 30
2 59 70 34
2 60 74 34
2 61 69 34
2 62 68 33
2 63 63 34
2 64 59 31
2 65 58 34
2 66 57 29
2 67 59 27
2 68 61 32
2 69 61 35
2 70 56 36
2 71 52 41
2 72 49 38
2 73 54 34
2 74 53 29
2 75 58 34
2 76 54 34
2 77 56 36
2 78 55 31
2 79 60 30
2 80 58 27
2 81 62 27
2 82 59 32
2 83 56 32
2 84 61 37
2 85 63 36
2 86 67 36
2 87 62 34
2 88 60 39
2 89 61 39
2 90 61 40
2 91 66 36
2 92 61 36
2 93 62 41
2 94 57 39
2 95 61 44
2 96 61 41
2 97 66 36
2 98 70 40
2 99 74 43
2 100 79 46
2 101 80 48
2 102 78 48
2 103 79 43
2 104 74 42
2 105 75 44
2 106 71 45
2 107 71 46
2 108 67 45
2 109 64 45
2 110 69 42
2 111 64 43
2 112 59 39
2 113 55 34
2 114 51 35
2 115 49 39
2 116 48 34
2 117 45 39
2 118 50 43
2 119 52 41
2 120 49 38
2 121 49 42
2 122 48 46
2 123 49 44
2 124 47 43
2 125 48 41
2 126 49 39
2 127 45 42
2 128 44 38
2 129 48 34
2 130 47 35
2 131 51 32
2 132 50 34
2 133 55 32
2 134 59 35
2 135 60 37
2 136 57 32
2 137 54 30
2 138 49 34
2 139 49 38
2 140 50 33
2 141 45 35
2 142 49 30
2 143 46 35
2 144 44 37
2 145 41 35
2 146 44 33
2 147 48 32
2 148 53 36
2 149 58 40
2 150 53 36
2 151 50 32
2 152 46 29
2 153 48 32
2 154 49 35
2 155 44 33
2 156 43 28
2 157 44 32
2 158 46 37
2 159 51 33
2 160 54 33
2 161 54 33
2 162 50 28
2 163 52 33
2 164 53 38
2 165 49 35
2 166 46 38
2 167 42 36
2 168 44 41
2 169 42 39
2 170 37 42
2 171 40 43
2 172 36 47
2 173 35 47
2 174 35 45
2 175 34 47
2 176 39 50
2 177 35 52
2 178 30 54
2 179 34 59
2 180 38 54
2 181 42 56
2 182 42 54
2 183 47 58
2 184 49 59
2 185 46 63
2 186 45 66
2 187 43 70
2 188 44 73
2 189 45 76
2 190 47 81
2 191 44 85
2 192 42 81
2 193 38 79
2 194 41 76
2 195 39 72
2 196 42 70
2 197 37 74
2 198 36 71
2 199 41 70
2 200 37 73
