3 0 76 34
3 1 71 31
3 2 72 26
3 3 67 26
3 4 72 21
3 5 69 18
3 6 69 16
3 7 72 14
3 8 71 12
3 9 71 13
3 10 67 10
3 11 69 8
3 12 67 12
3 13 72 13
3 14 70 12
3 15 72 12
3 16 73 11
3 17 75 7
3 18 74 7
3 19 79 6
3 20 74 2
3 21 69 -1
3 22 67 2
3 23 72 -1
3 24 71 1
3 25 72 -2
3 26 70 1
3 27 75 6
3 28 70 5
3 29 67 3
3 30 67 -1
3 31 69 -2
3 32 70 3
3 33 69 4
3 34 69 -1
3 35 67 4
3 36 65 9
3 37 66 11
3 38 68 13
3 39 63 10
3 40 63 13
3 41 68 11
3 42 73 9
3 43 75 8
3 44 77 12
3 45 74 13
3 46 75 13
3 47 71 13
3 48 71 9
3 49 76 8
3 50 74 8
3 51 79 7
3 52 74 11
3 53 72 7
3 54 69 5
3 55 64 2
3 56 67 4
3 57 66 -1
3 58 67 -3
3 59 70 1
3 60 66 -3
3 61 65 -3
3 62 64 -2
3 63 69 3
3 64 73 6
3 65 72 11
3 66 75 6
3 67 79 7
3 68 84 4
3 69 79 4
3 70 76 5
3 71 71 6
3 72 75 9
3 73 75 13
3 74 73 15
3 75 70 11
3 76 68 16
3 77 63 21
3 78 58 24
3 79 57 19
3 80 59 16
3 81 57 12
3 82 52 12
3 83 47 13
3 84 48 9
3 85 44 10
3 86 42 7
3 87 47 2
3 88 50 5
3 89 55 1
3 90 50 5
3 91 45 4
3 92 44 7
3 93 45 6
3 94 48 10
3 95 53 13
3 96 49 9
3 97 53 6
3 98 48 8
3 99 43 9
3 100 38 10
3 101 38 13
3 102 40 9
3 103 42 10
3 104 42 12
3 105 38 14
3 106 36 14
3 107 40 19
3 108 43 14
3 109 42 19
3 110 39 15
3 111 37 18
3 112 40 17
3 113 42 18
3 114 43 22
3 115 39 24
3 116 39 22
3 117 37 24
3 118 35 26
3 119 34 31
3 120 30 27
3 121 33 28
3 122 36 27
3 123 36 32
3 124 40 27
3 125 40 24
3 126 37 25
3 127 39 22
3 128 44 23
3 129 45 27
3 130 42 31
3 131 45 30
3 132 47 26
3 133 47 31
3 134 49 29
3 135 53 25
3 136 54 24
3 137 52 20
3 138 47 25
3 139 51 29
3 140 51 32
3 141 51 32
3 142 54 31
3 143 54 36
3 144 59 31
3 145 57 27
3 146 61 28
3 147 64 25
3 148 67 23
3 149 63 23
3 150 61 18
3 151 56 16
3 152 52 12
3 153 49 15
3 154 48 20
3 155 49 16
3 156 44 13
3 157 43 14
3 158 47 15
3 159 43 15
3 160 43 10
3 161 44 9
3 162 46 7
3 163 51 8
3 164 47 8
3 165 42 3
3 166 37 0
3 167 38 1
3 168 33 -1
3 169 37 1
3 170 41 -3
3 171 41 -4
3 172 38 -8
3 173 37 -3
3 174 32 -4
3 175 28 -4
3 176 24 -1
3 177 19 -4
3 178 24 -1
3 179 19 -5
3 180 19 -3
3 181 16 1
3 182 11 0
3 183 13 -2
3 184 11 -7
3 185 14 -6
3 186 19 -11
3 187 16 -11
3 188 21 -15
3 189 22 -12
3 190 17 -17
3 191 16 -13
3 192 12 -17
3 193 11 -17
3 194 11 -12
3 195 13 -12
3 196 13 -8
3 197 13 -5
3 198 10 -3
3 199 13 1
3 200 11 -2
