4 0 30 57
4 1 30 61
4 2 31 63
4 3 29 62
4 4 30 60
4 5 31 60
4 6 30 64
4 7 26 69
4 8 29 67
4 9 30 69
4 10 28 65
4 11 33 61
4 12 32 59
4 13 36 61
4 14 38 61
4 15 41 63
4 16 38 61
4 17 42 63
4 18 40 59
4 19 39 56
4 20 43 61
4 21 47 61
4 22 50 62
4 23 46 65
4 24 41 65
4 25 37 65
4 26 32 61
4 27 27 65
4 28 24 70
4 29 24 69
4 30 22 69
4 31 21 66
4 32 19 71
4 33 23 72
4 34 28 73
4 35 24 68
4 36 20 71
4 37 17 74
4 38 19 79
4 39 19 83
4 40 18 84
4 41 13 79
4 42 13 77
4 43 18 82
4 44 18 83
4 45 19 83
4 46 24 84
4 47 27 87
4 48 24 83
4 49 21 88
4 50 16 93
4 51 15 90
4 52 19 93
4 53 14 96
4 54 11 93
4 55 6 95
4 56 5 90
4 57 0 88
4 58 -5 84
4 59 -9 80
4 60 -11 84
4 61 -10 89
4 62 -12 94
4 63 -8 90
4 64 -10 95
4 65 -10 98
4 66 -15 94
4 67 -18 99
4 68 -13 101
4 69 -13 102
4 70 -17 101
4 71 -20 98
4 72 -19 97
4 73 -20 97
4 74 -17 102
4 75 -17 104
4 76 -21 99
4 77 -24 98
4 78 -25 102
4 79 -29 102
4 80 -30 106
4 81 -26 104
4 82 -23 108
4 83 -21 108
4 84 -24 107
4 85 -23 109
4 86 -27 111
4 87 -26 106
4 88 -21 111
4 89 -19 106
4 90 -18 109
4 91 -16 110
4 92 -17 109
4 93 -21 113
4 94 -24 108
4 95 -25 113
4 96 -24 113
4 97 -27 116
4 98 -31 117
4 99 -30 115
4 100 -26 110
4 101 -26 112
4 102 -26 117
4 103 -28 116
4 104 -27 112
4 105 -28 107
4 106 -32 107
4 107 -33 112
4 108 -38 112
4 109 -35 111
4 110 -36 111
4 111 -39 115
4 112 -44 111
4 113 -41 115
4 114 -40 117
4 115 -37 113
4 116 -39 109
4 117 -42 113
4 118 -45 115
4 119 -50 112
4 120 -47 112
4 121 -43 110
4 122 -40 106
4 123 -44 106
4 124 -49 109
4 125 -45 105
4 126 -46 106
4 127 -46 104
4 128 -50 99
4 129 -46 104
4 130 -49 102
4 131 -51 100
4 132 -55 102
4 133 -51 99
4 134 -56 101
4 135 -51 103
4 136 -56 102
4 137 -55 98
4 138 -55 93
4 139 -51 91
4 140 -51 90
4 141 -47 88
4 142 -49 83
4 143 -48 79
4 144 -46 74
4 145 -51 75
4 146 -56 78
4 147 -51 80
4 148 -55 84
4 149 -57 82
4 150 -57 78
4 151 -55 73
4 152 -57 71
4 153 -53 70
4 154 -58 73
4 155 -56 70
4 156 -61 75
4 157 -66 70
4 158 -62 75
4 159 -66 76
4 160 -67 75
4 161 -66 77
4 162 -66 78
4 163 -66 74
4 164 -65 73
4 165 -64 68
4 166 -63 67
4 167 -68 68
4 168 -70 71
4 169 -65 72
4 170 -60 75
4 171 -60 74
4 172 -64 79
4 173 -68 84
4 174 -68 86
4 175 -67 86
4 176 -68 86
4 177 -65 89
4 178 -69 91
4 179 -67 91
4 180 -67 87
4 181 -67 85
4 182 -69 85
4 183 -65 88
4 184 -66 85
4 185 -67 89
4 186 -68 84
4 187 -66 79
4 188 -63 81
4 189 -64 82
4 190 -61 77
4 191 -59 76
4 192 -64 73
4 193 -59 78
4 194 -54 81
4 195 -54 84
4 196 -54 82
4 197 -57 80
4 198 -58 78
4 199 -54 75
4 200 -49 70
