5 0 57 42
5 1 59 42
5 2 64 43
5 3 61 41
5 4 61 45
5 5 63 43
5 6 67 44
5 7 65 40
5 8 66 35
5 9 64 31
5 10 60 32
5 11 58 28
5 12 63 31
5 13 64 28
5 14 66 23
5 15 69 19
5 16 65 20
5 17 70 16
5 18 67 15
5 19 62 20
5 20 59 25
5 21 54 30
5 22 54 28
5 23 50 27
5 24 52 32
5 25 47 32
5 26 47 27
5 27 51 31
5 28 47 29
5 29 43 25
5 30 42 24
5 31 39 22
5 32 38 20
5 33 34 19
5 34 38 17
5 35 33 15
5 36 33 19
5 37 30 19
5 38 25 14
5 39 26 9
5 40 24 9
5 41 21 11
5 42 24 14
5 43 25 9
5 44 26 8
5 45 28 13
5 46 24 15
5 47 27 17
5 48 25 18
5 49 23 22
5 50 26 25
5 51 28 21
5 52 28 25
5 53 31 30
5 54 32 26
5 55 36 23
5 56 37 26
5 57 38 27
5 58 34 30
5 59 32 35
5 60 27 34
5 61 24 32
5 62 21 35
5 63 22 38
5 64 21 38
5 65 16 36
5 66 20 37
5 67 17 37
5 68 22 34
5 69 24 35
5 70 26 30
5 71 31 28
5 72 36 26
5 73 37 30
5 74 34 32
5 75 35 28
5 76 35 28
5 77 40 30
5 78 37 33
5 79 39 38
5 80 37 38
5 81 37 37
5 82 35 32
5 83 37 33
5 84 36 38
5 85 37 40
5 86 39 42
5 87 35 46
5 88 40 41
5 89 45 46
5 90 40 51
5 91 39 48
5 92 44 48
5 93 48 49
5 94 50 47
5 95 46 47
5 96 43 48
5 97 41 44
5 98 42 45
5 99 41 42
5 100 39 38
5 101 39 39
5 102 42 37
5 103 40 34
5 104 41 32
5 105 36 35
5 106 34 34
5 107 31 39
5 108 36 38
5 109 32 41
5 110 35 41
5 111 31 38
5 112 27 41
5 113 23 38
5 114 21 33
5 115 22 37
5 116 22 34
5 117 17 37
5 118 20 36
5 119 22 34
5 120 24 35
5 121 25 39
5 122 25 34
5 123 28 39
5 124 23 42
5 125 22 46
5 126 22 43
5 127 23 46
5 128 25 47
5 129 30 42
5 130 29 43
5 131 26 48
5 132 30 43
5 133 25 48
5 134 30 53
5 135 26 55
5 136 30 59
5 137 33 55
5 138 37 51
5 139 40 49
5 140 37 45
5 141 33 40
5 142 32 37
5 143 33 42
5 144 29 46
5 145 27 45
5 146 29 50
5 147 31 53
5 148 32 58
5 149 28 59
5 150 32 56
5 151 33 52
5 152 29 49
5 153 27 49
5 154 25 48
5 155 26 43
5 156 23 48
5 157 25 53
5 158 30 53
5 159 25 55
5 160 28 50
5 161 31 54
5 162 33 57
5 163 36 61
5 164 41 57
5 165 46 57
5 166 44 61
5 167 40 64
5 168 41 66
5 169 39 62
5 170 40 57
5 171 45 52
5 172 47 49
5 173 47 52
5 174 42 48
5 175 45 52
5 176 44 48
5 177 42 48
5 178 46 49
5 179 46 53
5 180 51 56
5 181 47 57
5 182 43 59
5 183 44 60
5 184 49 62
5 185 47 67
5 186 51 65
5 187 50 66
5 188 51 62
5 189 46 64
5 190 48 59
5 191 50 59
5 192 49 59
5 193 44 63
5 194 47 65
5 195 44 65
5 196 39 60
5 197 38 65
5 198 38 60
5 199 43 61
5 200 44 66
